      MDL_CABI = 2.277360D-01
      AEWM1 = 1.279000D+02
      MDL_GF = 1.166370D-05
      AS = 1.184000D-01
      MDL_YMDO = 5.040000D-03
      MDL_YMUP = 2.550000D-03
      MDL_YMS = 1.010000D-01
      MDL_YMC = 1.270000D+00
      MDL_YMB = 4.700000D+00
      MDL_YMT = 1.720000D+02
      MDL_YME = 5.110000D-04
      MDL_YMM = 1.056600D-01
      MDL_YMTAU = 1.777000D+00
      MDL_GE = 3.028177D-01
      MDL_GCHI = 3.028177D-01
      MDL_GAN = 3.028177D-01
      MDL_GAPN = 3.028177D-01
      MDL_ANUC = 1.840000D+02
      MDL_ZNUC = 7.400000D+01
      MDL_INELASTIC1 = 1.927600D+00
      MDL_INELASTIC2 = 1.408450D+00
      MDL_AVAL = 5.172970D+04
      MDL_DVAL = 5.069500D-03
      MDL_APVAL = 8.580630D+04
      MDL_ME = 5.110000D-04
      MDL_MM = 1.056600D-01
      MDL_MTA = 1.777000D+00
      MDL_MU = 2.550000D-03
      MDL_MC = 1.420000D+00
      MDL_MT = 1.720000D+02
      MDL_MD = 5.040000D-03
      MDL_MS = 1.010000D-01
      MDL_MB = 4.700000D+00
      MDL_MCHI = 1.000000D+00
      MDL_MNUL = 1.740000D+02
      MDL_MZ = 9.118760D+01
      MDL_MAP = 1.000000D-01
      MDL_MH = 1.200000D+02
      MDL_WT = 1.508336D+00
      MDL_WZ = 2.495200D+00
      MDL_WW = 2.085000D+00
      MDL_WAP = 1.000000D+00
      MDL_WH = 5.753088D-03
